%YAML:1.0
---
model_type: PINHOLE
camera_name: camera
image_width: 858
image_height: 259
distortion_parameters:
   k1: 0.0 #-2.9545645106987750e-01
   k2: 0.0 #8.6623215640186171e-02
   p1: 0.0 #2.0132892276082517e-06
   p2: 0.0 #1.3924531371276508e-05
projection_parameters:
   fx: 494.96383999999995 #4.6115862106007575e+02
   fy: 494.96383999999995 #4.5975286598073296e+02
   cx: 421.32111 #3.6265929181685937e+02
   cy: 128.17728 #2.4852105668448124e+02
